C:\Users\Filip\Documents\bakalarska_prace\files\all_cropped.bnx
	0	1	874875.00	2199.94	118.90	125	1	1	-1	chips,SN_AEO6H7OJP3ZZFNWU,Run_220eac77-51a8-4066-ab25-fdcecd81eae0,539583347	1	1	6	1	931	220	2	931	720	1
	0	2	691125.00	2281.71	156.23	123	2	1	-1	chips,SN_AEO6H7OJP3ZZFNWU,Run_220eac77-51a8-4066-ab25-fdcecd81eae0,539583347	1	1	20	1	984	939	2	984	948	1
	0	3	635625.00	1266.03	103.75	116	3	1	-1	chips,SN_AEO6H7OJP3ZZFNWU,Run_220eac77-51a8-4066-ab25-fdcecd81eae0,539583347	1	1	4	2	319	1453	3	320	1331	1
	0	4	511875.00	2032.94	113.70	115	4	1	-1	chips,SN_AEO6H7OJP3ZZFNWU,Run_220eac77-51a8-4066-ab25-fdcecd81eae0,539583347	1	1	9	1	721	864	2	722	395	1
	0	5	494625.00	3372.35	220.04	113	5	1	-1	chips,SN_AEO6H7OJP3ZZFNWU,Run_220eac77-51a8-4066-ab25-fdcecd81eae0,539583347	1	1	2	1	577	1181	2	577	668	1
	0	6	604500.00	1565.03	83.92	109	6	1	-1	chips,SN_AEO6H7OJP3ZZFNWU,Run_220eac77-51a8-4066-ab25-fdcecd81eae0,539583347	1	1	7	1	501	674	2	503	451	1
	0	7	490125.00	1481.08	119.27	107	7	1	-1	chips,SN_AEO6H7OJP3ZZFNWU,Run_220eac77-51a8-4066-ab25-fdcecd81eae0,539583347	1	1	13	2	455	287	2	454	1594	1
	0	8	714000.00	804.47	62.92	105	8	1	-1	chips,SN_AEO6H7OJP3ZZFNWU,Run_220eac77-51a8-4066-ab25-fdcecd81eae0,539583347	1	1	7	0	965	1740	1	969	1826	1
	0	9	603000.00	1408.92	112.56	101	9	1	-1	chips,SN_AEO6H7OJP3ZZFNWU,Run_220eac77-51a8-4066-ab25-fdcecd81eae0,539583347	1	1	6	2	253	391	3	255	180	1
	0	10	475875.00	1252.01	93.06	101	10	1	-1	chips,SN_AEO6H7OJP3ZZFNWU,Run_220eac77-51a8-4066-ab25-fdcecd81eae0,539583347	1	1	2	0	298	1747	1	298	1185	1
	0	11	738750.00	1380.08	103.79	99	11	1	-1	chips,SN_AEO6H7OJP3ZZFNWU,Run_220eac77-51a8-4066-ab25-fdcecd81eae0,539583347	1	1	6	0	340	1908	2	342	213	1
	0	12	610875.00	709.19	54.57	99	12	1	-1	chips,SN_AEO6H7OJP3ZZFNWU,Run_220eac77-51a8-4066-ab25-fdcecd81eae0,539583347	1	1	5	0	550	1387	1	554	1200	1
	0	13	414000.00	1601.88	98.24	98	13	1	-1	chips,SN_AEO6H7OJP3ZZFNWU,Run_220eac77-51a8-4066-ab25-fdcecd81eae0,539583347	1	1	13	1	950	677	1	950	1781	1
	0	14	537375.00	1100.21	92.94	97	14	1	-1	chips,SN_AEO6H7OJP3ZZFNWU,Run_220eac77-51a8-4066-ab25-fdcecd81eae0,539583347	1	1	27	0	735	1792	1	740	1405	1
C:\Users\Filip\Documents\bakalarska_prace\files\all_2_cropped.bnx
	0	1	1552875.00	633.97	49.20	275	1	1	-1	chips,SN_SQIMIZ6NPNZWXNWU,Run_39abacaa-35af-43e3-b5a6-0ccab771318f,51041809	1	1	1
	0	2	1416750.00	411.18	29.98	274	2	1	-1	chips,SN_SQIMIZ6NPNZWXNWU,Run_39abacaa-35af-43e3-b5a6-0ccab771318f,51041809	1	1	1
	0	3	1392375.00	555.54	35.80	253	3	1	-1	chips,SN_SQIMIZ6NPNZWXNWU,Run_39abacaa-35af-43e3-b5a6-0ccab771318f,51041809	1	1	1
	0	4	983625.00	616.39	37.38	213	4	1	-1	chips,SN_SQIMIZ6NPNZWXNWU,Run_39abacaa-35af-43e3-b5a6-0ccab771318f,51041809	1	1	1
	0	5	1162125.00	420.26	29.37	204	5	1	-1	chips,SN_SQIMIZ6NPNZWXNWU,Run_39abacaa-35af-43e3-b5a6-0ccab771318f,51041809	1	1	1
	0	6	1149000.00	289.18	20.52	197	6	1	-1	chips,SN_SQIMIZ6NPNZWXNWU,Run_39abacaa-35af-43e3-b5a6-0ccab771318f,51041809	1	1	1
	0	7	1025250.00	274.99	19.57	195	7	1	-1	chips,SN_SQIMIZ6NPNZWXNWU,Run_39abacaa-35af-43e3-b5a6-0ccab771318f,51041809	1	1	1
	0	8	1011750.00	696.74	53.87	194	8	1	-1	chips,SN_SQIMIZ6NPNZWXNWU,Run_39abacaa-35af-43e3-b5a6-0ccab771318f,51041809	1	1	1
	0	9	907125.00	308.71	17.49	190	9	1	-1	chips,SN_SQIMIZ6NPNZWXNWU,Run_39abacaa-35af-43e3-b5a6-0ccab771318f,51041809	1	1	1
	0	10	1012500.00	337.78	22.86	189	10	1	-1	chips,SN_SQIMIZ6NPNZWXNWU,Run_39abacaa-35af-43e3-b5a6-0ccab771318f,51041809	1	1	1
	0	11	1163625.00	517.68	35.43	188	11	1	-1	chips,SN_SQIMIZ6NPNZWXNWU,Run_39abacaa-35af-43e3-b5a6-0ccab771318f,51041809	1	1	1
	0	12	994875.00	291.53	18.52	188	12	1	-1	chips,SN_SQIMIZ6NPNZWXNWU,Run_39abacaa-35af-43e3-b5a6-0ccab771318f,51041809	1	1	1
	0	13	996822.00	347.19	22.64	184	13	1	-1	chips,SN_SQIMIZ6NPNZWXNWU,Run_39abacaa-35af-43e3-b5a6-0ccab771318f,51041809	1	1	1
	0	14	787875.00	306.89	17.43	180	14	1	-1	chips,SN_SQIMIZ6NPNZWXNWU,Run_39abacaa-35af-43e3-b5a6-0ccab771318f,51041809	1	1	1
